// Game: Dungeon
// Format: Standard
// entity 0
{
"classname" "worldspawn"
"_tb_textures" "textures"
// brush 0
{
( -128 -64 -16 ) ( -128 -63 -16 ) ( -128 -64 -15 ) grass 0 0 0 1 1
( -64 -128 -16 ) ( -64 -128 -15 ) ( -63 -128 -16 ) grass 0 0 0 1 1
( -64 -64 -64 ) ( -63 -64 -64 ) ( -64 -63 -64 ) grass 0 0 0 1 1
( 64 64 0 ) ( 64 65 0 ) ( 65 64 0 ) grass 0 0 0 1 1
( 64 64 16 ) ( 65 64 16 ) ( 64 64 17 ) grass 0 0 0 1 1
( 64 64 16 ) ( 64 64 17 ) ( 64 65 16 ) grass 0 0 0 1 1
}
// brush 1
{
( 64 -128 -64 ) ( 64 -127 -64 ) ( 64 -128 -63 ) stone 0 0 0 1 1
( 64 -128 -64 ) ( 64 -128 -63 ) ( 65 -128 -64 ) stone 0 0 0 1 1
( 64 -128 -64 ) ( 65 -128 -64 ) ( 64 -127 -64 ) stone 0 0 0 1 1
( 128 64 0 ) ( 128 65 0 ) ( 129 64 0 ) stone 0 0 0 1 1
( 128 64 0 ) ( 129 64 0 ) ( 128 64 1 ) stone 0 0 0 1 1
( 192 64 0 ) ( 192 64 1 ) ( 192 65 0 ) stone 0 0 0 1 1
}
// brush 2
{
( 64 64 -64 ) ( 64 65 -64 ) ( 64 64 -63 ) stone 0 0 0 1 1
( 64 64 -64 ) ( 64 64 -63 ) ( 65 64 -64 ) stone 0 0 0 1 1
( 64 64 -64 ) ( 65 64 -64 ) ( 64 65 -64 ) stone 0 0 0 1 1
( 192 128 64 ) ( 192 129 64 ) ( 193 128 64 ) stone 0 0 0 1 1
( 192 192 0 ) ( 193 192 0 ) ( 192 192 1 ) stone 0 0 0 1 1
( 192 128 0 ) ( 192 128 1 ) ( 192 129 0 ) stone 0 0 0 1 1
}
// brush 3
{
( -128 64 -64 ) ( -128 65 -64 ) ( -128 64 -63 ) sand 0 0 0 1 1
( -128 64 -64 ) ( -128 64 -63 ) ( -127 64 -64 ) sand 0 0 0 1 1
( -128 64 -64 ) ( -127 64 -64 ) ( -128 65 -64 ) sand 0 0 0 1 1
( 64 192 128 ) ( 64 193 128 ) ( 65 192 128 ) sand 0 0 0 1 1
( 64 192 0 ) ( 65 192 0 ) ( 64 192 1 ) sand 0 0 0 1 1
( 64 192 0 ) ( 64 192 1 ) ( 64 193 0 ) sand 0 0 0 1 1
}
// brush 4
{
( -128 192 -64 ) ( -128 193 -64 ) ( -128 192 -63 ) grass 0 0 0 1 1
( -128 192 -64 ) ( -128 192 -63 ) ( -127 192 -64 ) grass 0 0 0 1 1
( -128 192 -64 ) ( -127 192 -64 ) ( -128 193 -64 ) grass 0 0 0 1 1
( 128 448 320 ) ( 128 449 320 ) ( 129 448 320 ) grass 0 0 0 1 1
( 128 448 0 ) ( 129 448 0 ) ( 128 448 1 ) grass 0 0 0 1 1
( 384 448 0 ) ( 384 448 1 ) ( 384 449 0 ) grass 0 0 0 1 1
}
// brush 5
{
( 192 -128 -64 ) ( 192 -127 -64 ) ( 192 -128 -63 ) stone 0 0 0 1 1
( 192 -128 -64 ) ( 192 -128 -63 ) ( 193 -128 -64 ) stone 0 0 0 1 1
( 192 -128 -64 ) ( 193 -128 -64 ) ( 192 -127 -64 ) stone 0 0 0 1 1
( 384 192 128 ) ( 384 193 128 ) ( 385 192 128 ) stone 0 0 0 1 1
( 384 192 0 ) ( 385 192 0 ) ( 384 192 1 ) stone 0 0 0 1 1
( 384 192 0 ) ( 384 192 1 ) ( 384 193 0 ) stone 0 0 0 1 1
}
// brush 6
{
( -448 -128 -64 ) ( -448 -127 -64 ) ( -448 -128 -63 ) stone 0 0 0 1 1
( -448 -128 -64 ) ( -448 -128 -63 ) ( -447 -128 -64 ) stone 0 0 0 1 1
( -448 -128 -64 ) ( -447 -128 -64 ) ( -448 -127 -64 ) stone 0 0 0 1 1
( -128 384 0 ) ( -128 385 0 ) ( -127 384 0 ) stone 0 0 0 1 1
( -128 768 0 ) ( -127 768 0 ) ( -128 768 1 ) stone 0 0 0 1 1
( -128 384 0 ) ( -128 384 1 ) ( -128 385 0 ) stone 0 0 0 1 1
}
// brush 7
{
( -448 -64 512 ) ( -448 -63 512 ) ( -448 -64 513 ) stone 0 0 0 1 1
( -448 -128 512 ) ( -448 -128 513 ) ( -447 -128 512 ) stone 0 0 0 1 1
( -448 -64 512 ) ( -447 -64 512 ) ( -448 -63 512 ) stone 0 0 0 1 1
( -128 320 576 ) ( -128 321 576 ) ( -127 320 576 ) stone 0 0 0 1 1
( -128 384 576 ) ( -127 384 576 ) ( -128 384 577 ) stone 0 0 0 1 1
( -128 320 576 ) ( -128 320 577 ) ( -128 321 576 ) stone 0 0 0 1 1
}
// brush 8
{
( -128 512 -64 ) ( -128 513 -64 ) ( -128 512 -63 ) grass 0 0 0 1 1
( -128 512 -64 ) ( -128 512 -63 ) ( -127 512 -64 ) grass 0 0 0 1 1
( -128 512 -64 ) ( -127 512 -64 ) ( -128 513 -64 ) grass 0 0 0 1 1
( 128 768 320 ) ( 128 769 320 ) ( 129 768 320 ) grass 0 0 0 1 1
( 128 768 0 ) ( 129 768 0 ) ( 128 768 1 ) grass 0 0 0 1 1
( 384 768 0 ) ( 384 768 1 ) ( 384 769 0 ) grass 0 0 0 1 1
}
// brush 9
{
( 384 384 -64 ) ( 384 385 -64 ) ( 384 384 -63 ) stone 0 0 0 1 1
( 384 384 -64 ) ( 384 384 -63 ) ( 385 384 -64 ) stone 0 0 0 1 1
( 384 384 -64 ) ( 385 384 -64 ) ( 384 385 -64 ) stone 0 0 0 1 1
( 576 640 0 ) ( 576 641 0 ) ( 577 640 0 ) stone 0 0 0 1 1
( 576 640 0 ) ( 577 640 0 ) ( 576 640 1 ) stone 0 0 0 1 1
( 576 640 0 ) ( 576 640 1 ) ( 576 641 0 ) stone 0 0 0 1 1
}
// brush 10
{
( 448 -192 -64 ) ( 448 -191 -64 ) ( 448 -192 -63 ) stone 0 0 0 1 1
( 448 -192 -64 ) ( 448 -192 -63 ) ( 449 -192 -64 ) stone 0 0 0 1 1
( 448 -192 -64 ) ( 449 -192 -64 ) ( 448 -191 -64 ) stone 0 0 0 1 1
( 512 384 0 ) ( 512 385 0 ) ( 513 384 0 ) stone 0 0 0 1 1
( 512 384 0 ) ( 513 384 0 ) ( 512 384 1 ) stone 0 0 0 1 1
( 512 384 0 ) ( 512 384 1 ) ( 512 385 0 ) stone 0 0 0 1 1
}
// brush 11
{
( 384 -192 -64 ) ( 384 -191 -64 ) ( 384 -192 -63 ) stone 0 0 0 1 1
( 384 -192 -64 ) ( 384 -192 -63 ) ( 385 -192 -64 ) stone 0 0 0 1 1
( 384 -192 -64 ) ( 385 -192 -64 ) ( 384 -191 -64 ) stone 0 0 0 1 1
( 448 -128 0 ) ( 448 -127 0 ) ( 449 -128 0 ) stone 0 0 0 1 1
( 448 -128 0 ) ( 449 -128 0 ) ( 448 -128 1 ) stone 0 0 0 1 1
( 448 -128 0 ) ( 448 -128 1 ) ( 448 -127 0 ) stone 0 0 0 1 1
}
// brush 12
{
( 384 -128 -64 ) ( 384 -127 -64 ) ( 384 -128 -63 ) stone 0 0 0 1 1
( 384 -128 -64 ) ( 384 -128 -63 ) ( 385 -128 -64 ) stone 0 0 0 1 1
( 384 -128 -64 ) ( 385 -128 -64 ) ( 384 -127 -64 ) stone 0 0 0 1 1
( 448 384 896 ) ( 448 385 896 ) ( 449 384 896 ) stone 0 0 0 1 1
( 448 384 0 ) ( 449 384 0 ) ( 448 384 1 ) stone 0 0 0 1 1
( 448 384 0 ) ( 448 384 1 ) ( 448 385 0 ) stone 0 0 0 1 1
}
// brush 13
{
( -256 -384 -64 ) ( -256 -383 -64 ) ( -256 -384 -63 ) sand 0 0 0 1 1
( -384 -384 -64 ) ( -384 -384 -63 ) ( -383 -384 -64 ) sand 0 0 0 1 1
( -384 -384 -64 ) ( -383 -384 -64 ) ( -384 -383 -64 ) sand 0 0 0 1 1
( 384 -128 0 ) ( 384 -127 0 ) ( 385 -128 0 ) sand 0 0 0 1 1
( 384 -128 0 ) ( 385 -128 0 ) ( 384 -128 1 ) sand 0 0 0 1 1
( 384 -128 0 ) ( 384 -128 1 ) ( 384 -127 0 ) sand 0 0 0 1 1
}
}
